beautiful: [-0.07650784  1.5302058   1.5389124 ]
boy: [-1.1258649   0.18158868 -0.6599933 ]
can: [-0.21991609 -0.09671613  0.18868278]
children: [ 1.0900456  -0.87686473  0.72916937]
daughter: [0.83059365 0.9508182  0.7556491 ]
family: [ 1.5399001 -1.3140869 -0.8186169]
future: [-0.7681748  -1.1606063  -0.76149577]
king: [ 0.25055707 -1.1429621   0.5473436 ]
man: [-0.6269225   0.388955   -0.82026166]
now: [-1.3675104   0.96806014 -0.7943031 ]
only: [-0.86756045  0.6392411   0.02610333]
prince: [ 0.6484699   0.27834803 -1.5449541 ]
princess: [0.68551075 0.6741401  1.4548308 ]
queen: [-0.50355184 -0.60684186  1.3192701 ]
realm: [-1.0791436  -1.5679902   0.91576684]
royal: [-0.6501763  -1.2178669   0.24335818]
rule: [ 0.83517    -1.0920264   0.15218258]
son: [-1.1709061 -1.3955247 -1.3229544]
strong: [-0.59144235 -1.1117364  -1.3990057 ]
their: [ 0.818802   -0.57408655  0.08676443]
woman: [0.56711274 0.75316447 0.42089438]
